## This file contains the acceptance sets for 8 rounds of nonadaptive phase estimation with different configuration.


11111111 0.125
11111110 0.125
01010011 0.125
10000000 0.125
11111010 0.172453850906
11111011 0.125
01010110 0.125
01010111 0.125
00000000 0.125
11010001 0.125
01111101 0.1625
00101000 0.1625
10111011 0.172453850906
11000101 0.125
01000101 0.125
11101110 0.172453850906
10001010 0.125
11110111 0.125
00010101 0.125
00110101 0.125
00100000 0.125
10101111 0.172453850906
10101110 0.125
01100101 0.125
11010101 0.125
10010101 0.125
11011111 0.125
01010100 0.125
01001101 0.125
10100000 0.1625
11010100 0.125
00001000 0.125
11110101 0.1625
01010101 0.125
01011111 0.1625
10101010 0.125
10101000 0.125
01110001 0.125
10000010 0.1625
01010001 0.125
00000010 0.125
01110100 0.125
01110101 0.125
01011001 0.125
01111111 0.125
11111101 0.125
01110111 0.1625
00101010 0.125
11101111 0.125
00100010 0.1625
10111010 0.125
01000111 0.125
10111110 0.172453850906
10111111 0.125
00010111 0.125
11101011 0.172453850906
11101010 0.125
10001000 0.1625
00001010 0.1625
01011100 0.125
10100010 0.125
11010111 0.1625
00011101 0.125
11011101 0.1625
10101011 0.125
01011101 0.125

total strings: 66; probability: 79.2%
